name: dev
channels:
  - defaults
  - conda-forge
dependencies:
  - _libgcc_mutex=0.1=main
  - _openmp_mutex=4.5=1_gnu
  - arviz=0.11.2=pyhd3eb1b0_0
  - backports=1.1=pyhd3eb1b0_0
  - backports.weakref=1.0rc1=py36_1
  - blas=1.0=mkl
  - bleach=1.5.0=py36_0
  - c-ares=1.18.1=h7f8727e_0
  - ca-certificates=2022.3.29=h06a4308_0
  - certifi=2021.5.30=py36h06a4308_0
  - curl=7.82.0=h7f8727e_0
  - cycler=0.11.0=pyhd3eb1b0_0
  - dataclasses=0.8=pyh4f3eec9_6
  - decorator=5.1.1=pyhd3eb1b0_0
  - entrypoints=0.3=py36_0
  - freetype=2.11.0=h70c0345_0
  - hdf4=4.2.13=h3ca952b_2
  - hdf5=1.10.1=2
  - html5lib=0.9999999=py36_0
  - icu=67.1=he1b5a44_0
  - importlib-metadata=4.8.1=py36h06a4308_0
  - intel-openmp=2022.0.1=h06a4308_3633
  - ipykernel=4.9.0=py36_1
  - ipython=5.8.0=py36_1
  - ipython_genutils=0.2.0=pyhd3eb1b0_1
  - jpeg=9d=h7f8727e_0
  - jupyter_client=7.1.2=pyhd3eb1b0_0
  - jupyter_core=4.8.1=py36h06a4308_0
  - kiwisolver=1.3.1=py36h2531618_0
  - krb5=1.19.2=hac12032_0
  - ld_impl_linux-64=2.35.1=h7274673_9
  - libblas=3.9.0=1_h86c2bf4_netlib
  - libcblas=3.9.0=5_h92ddd45_netlib
  - libcurl=7.82.0=h0b77cf5_0
  - libedit=3.1.20210910=h7f8727e_0
  - libev=4.33=h7f8727e_1
  - libffi=3.3=he6710b0_2
  - libgcc-ng=9.3.0=h5101ec6_17
  - libgfortran=3.0.0=1
  - libgfortran-ng=9.3.0=ha5ec8a7_17
  - libgfortran5=9.3.0=ha5ec8a7_17
  - libgomp=9.3.0=h5101ec6_17
  - liblapack=3.9.0=5_h92ddd45_netlib
  - libnetcdf=4.4.1.1=h816af47_8
  - libnghttp2=1.46.0=hce63b2e_0
  - libpng=1.6.37=hbc83047_0
  - libprotobuf=3.17.2=h4ff587b_1
  - libsodium=1.0.18=h7b6447c_0
  - libssh2=1.9.0=h1ba5d50_1
  - libstdcxx-ng=9.3.0=hd4cf53a_17
  - markdown=3.3.4=py36h06a4308_0
  - matplotlib=3.2.2=1
  - matplotlib-base=3.2.2=py36h5fdd944_1
  - mkl=2020.2=256
  - mkl-service=2.3.0=py36he8ac12f_0
  - mkl_fft=1.3.0=py36h54f3939_0
  - mkl_random=1.1.1=py36h0573a6f_0
  - mock=4.0.3=pyhd3eb1b0_0
  - ncurses=6.3=h7f8727e_2
  - nest-asyncio=1.5.1=pyhd3eb1b0_0
  - netcdf4=1.3.1=py36hfd655bd_2
  - networkx=2.3=py36_1
  - numpy=1.19.2=py36h54aff64_0
  - numpy-base=1.19.2=py36hfa32c7d_0
  - openssl=1.1.1n=h7f8727e_0
  - packaging=21.3=pyhd3eb1b0_0
  - pandas=1.1.5=py36h284efc9_0
  - pexpect=4.8.0=pyhd3eb1b0_3
  - pickleshare=0.7.5=pyhd3eb1b0_1003
  - pip=21.2.2=py36h06a4308_0
  - prompt_toolkit=1.0.15=py_1
  - protobuf=3.17.2=py36h295c915_0
  - ptyprocess=0.7.0=pyhd3eb1b0_2
  - pygments=2.11.2=pyhd3eb1b0_0
  - pyparsing=3.0.4=pyhd3eb1b0_0
  - python=3.6.13=h12debd9_1
  - python-dateutil=2.8.2=pyhd3eb1b0_0
  - python_abi=3.6=2_cp36m
  - pytz=2021.3=pyhd3eb1b0_0
  - pyzmq=22.2.1=py36h295c915_1
  - readline=8.1.2=h7f8727e_1
  - scipy=1.5.3=py36h9e8f40b_0
  - seaborn=0.11.2=pyhd3eb1b0_0
  - setuptools=58.0.4=py36h06a4308_0
  - simplegeneric=0.8.1=py36_2
  - six=1.16.0=pyhd3eb1b0_1
  - sqlite=3.38.0=hc218d9a_0
  - tensorflow=1.3.0=py36_0
  - tk=8.6.11=h1ccaba5_0
  - tornado=6.1=py36h27cfd23_0
  - traitlets=4.3.3=py36h06a4308_0
  - typing_extensions=3.10.0.2=pyh06a4308_0
  - wcwidth=0.2.5=pyhd3eb1b0_0
  - webencodings=0.5.1=py36_1
  - werkzeug=2.0.3=pyhd3eb1b0_0
  - wheel=0.37.1=pyhd3eb1b0_0
  - xarray=0.11.3=py36_0
  - xz=5.2.5=h7b6447c_0
  - zeromq=4.3.4=h2531618_0
  - zipp=3.6.0=pyhd3eb1b0_0
  - zlib=1.2.11=h7f8727e_4
prefix: /home/abi/miniconda3/envs/tf_env
